[[[  2  28  45]
  [  2  28  45]
  [  1  27  44]
  ..., 
  [ 47  94 138]
  [ 47  94 138]
  [ 47  94 138]]

 [[  1  28  47]
  [  1  28  47]
  [  1  28  47]
  ..., 
  [ 47  94 138]
  [ 47  94 138]
  [ 47  94 138]]

 [[  1  30  48]
  [  1  30  48]
  [  1  30  48]
  ..., 
  [ 47  94 138]
  [ 47  94 138]
  [ 47  94 138]]

 ..., 
 [[ 70  81 109]
  [ 71  80 109]
  [ 71  80 109]
  ..., 
  [121 155 190]
  [121 155 190]
  [121 155 190]]

 [[ 68  79 109]
  [ 68  79 109]
  [ 69  78 107]
  ..., 
  [118 152 187]
  [118 152 187]
  [118 152 187]]

 [[ 67  78 108]
  [ 67  78 108]
  [ 67  78 106]
  ..., 
  [115 149 184]
  [115 149 184]
  [114 148 183]]]
